73
32
92
80
93
57
83
89
91
64
71
68
42
54
97
99
95
94
91
93
86
37
61
93
50
96
27
95
60
32
67
71
52
5
92
94
88
72
18
11
99
39
36
71
72
83
84
78
76
78
62
83
98
30
91
95
32
26
58
66
59
84
52
98
47
23
28
12
83
82
92
77
78
98
81
89
52
68
33
90
99
80
71
45
25
68
76
71
82
38
69
88
19
71
65
77
78
92
44
60
79
46
71
97
22
83
12
72
93
92
87
94
81
21
77
11
82
93
58
91
88
75
63
13
57
81
64
92
34
85
22
47
86
95
62
96
92
53
93
18
81
81
70
90
83
78
22
87
98
8
72
92
92
90
96
76
61
86
49
86
95
68
25
82
87
100
48
78
71
91
80
20
79
9
78
39
84
81
15
41
87
60
46
66
50
86
39
17
0
76
41
91
11
52
60
74
100
37
59
49
89
97
61
56
85
84
64
97
67
79
96
92
71
56
52
100
85
94
58
73
44
72
84
37
45
100
84
53
50
92
84
89
94
51
100
47
93
66
71
19
96
69
19
92
89
83
52
96
20
75
93
62
94
70
91
93
95
48
93
42
88
31
32
63
87
81
80
92
93
62
91
77
85
85
73
88
53
68
50
15
55
37
92
52
96
15
85
83
16
73
53
80
51
95
94
19
39
65
43
49
82
55
79
94
56
43
93
21
71
95
31
98
61
24
96
79
86
95
92
79
53
87
88
8
39
76
63
86
97
92
90
43
73
43
44
79
96
35
63
10
34
27
41
69
58
73
52
66
94
79
72
4
48
88
30
64
62
97
79
81
98
51
22
98
91
93
96
69
90
58
69
84
55
84
44
45
50
86
30
96
12
72
80
73
90
88
93
49
38
41
92
65
82
80
94
93
53
94
89
37
85
98
68
100
69
93
20
84
80
83
35
76
94
28
29
20
93
58
51
95
28
64
43
61
14
96
89
18
88
43
89
27
55
95
71
83
84
75
77
86
7
90
94
93
98
80
88
53
98
66
81
37
69
