69
90
95
93
32
56
40
78
87
45
41
85
21
89
92
96
68
90
53
57
88
43
77
97
68
98
43
53
6
89
1
93
100
87
80
96
83
92
81
0
61
69
72
94
87
94
27
69
31
71
98
20
24
92
98
53
88
30
16
73
81
85
16
7
19
82
69
74
41
97
33
77
79
44
98
52
91
90
21
53
68
44
91
87
85
54
93
95
97
72
58
48
50
66
83
96
87
57
90
61
94
55
87
94
8
55
23
16
88
93
85
88
97
21
95
80
64
72
98
81
48
35
97
87
37
78
50
54
50
39
21
88
96
9
86
55
83
50
87
50
53
99
100
85
90
100
53
68
88
82
65
15
63
71
86
28
22
64
79
69
46
90
85
25
61
56
33
96
54
94
63
48
83
76
77
84
66
75
92
84
85
91
62
42
29
75
48
88
94
69
93
69
87
93
96
67
88
97
92
84
68
47
46
92
68
75
26
89
85
92
90
48
93
92
72
39
84
93
19
28
95
92
80
65
73
75
38
27
94
78
49
56
87
79
35
48
99
88
77
71
41
13
87
71
66
0
47
70
50
62
56
88
94
91
69
30
85
53
73
86
82
84
85
80
98
88
53
26
16
93
97
54
89
77
78
98
98
95
15
94
97
96
15
72
81
86
46
29
85
96
85
33
33
41
71
91
76
30
38
74
83
77
88
90
93
92
81
72
89
95
55
69
98
60
27
69
69
64
91
20
99
91
30
33
35
71
51
7
93
94
87
88
95
84
89
82
66
72
63
83
75
31
77
98
98
87
14
20
98
58
52
83
50
23
87
33
19
94
91
49
52
59
46
38
36
84
87
93
90
88
75
87
91
72
46
74
37
71
83
26
91
70
38
81
53
24
81
50
47
87
87
69
40
22
88
93
63
61
61
93
28
95
83
72
27
71
83
83
39
7
93
74
87
52
89
98
100
82
16
95
53
91
72
93
92
47
89
96
93
93
63
90
90
64
57
24
94
19
40
90
93
93
82
55
90
97
86
57
63
83
83
61
71
90
46
55
11
39
28
22
32
41
26
97
93
83
83
77
28
51
39
80
65
41
89
0
60
30
75
88
70
86
36
51
22
86
80
72
88
68
59
88
85
69
91
81
63
15
7
96
45
91
69
17
84
93
91
100
73
99
94
14
25
98
92
36
67
97
74
82
93
48
60
67
25
50
46
60
52
89
82
52
93
49
82
15
82
82
39
82
63
49
42
82
92
65
60
96
88
41
92
97
74
96
92
54
73
88
74
69
96
86
91
83
73
79
39
49
54
66
67
92
96
53
65
62
40
11
94
85
64
86
43
45
67
53
89
62
98
92
28
74
81
88
33
9
18
98
87
25
73
92
22
73
72
64
96
100
33
67
83
52
77
93
94
75
19
89
17
38
71
77
83
89
35
88
74
57
54
81
100
73
91
88
50
72
82
54
89
71
93
49
22
93
70
90
38
98
14
73
62
42
94
41
32
85
26
79
94
75
75
77
65
60
57
84
46
9
91
31
58
97
65
14
63
17
51
46
94
82
82
48
14
46
95
66
91
25
98
