69
90
95
93
32
56
40
87
45
41
85
21
89
92
96
90
53
57
88
43
97
68
43
53
6
1
93
100
87
80
96
83
81
0
61
72
94
87
94
27
69
31
71
98
20
24
92
98
53
88
30
16
73
81
85
16
7
19
82
69
74
41
97
33
77
79
44
52
91
90
21
53
68
44
91
87
85
54
93
95
72
58
48
50
66
83
87
90
61
94
55
87
94
8
55
16
88
93
88
97
95
80
64
72
81
48
97
87
37
78
50
50
39
21
88
96
86
55
83
50
87
53
99
100
85
100
53
68
88
65
15
63
71
28
22
64
79
69
46
90
25
61
56
33
96
54
94
48
83
76
77
84
66
84
85
91
62
42
29
75
48
88
94
69
93
69
87
93
96
67
88
97
92
84
68
47
46
92
68
75
26
89
85
92
90
48
92
39
84
93
19
28
92
80
73
38
27
94
78
49
56
87
79
35
48
88
71
13
87
71
66
0
47
50
62
56
88
94
69
30
85
53
86
82
84
85
80
98
53
26
16
93
97
54
89
77
78
98
98
95
15
94
97
15
72
81
86
46
29
85
96
85
33
33
41
71
91
76
30
38
74
93
81
72
89
95
55
69
98
27
69
69
64
91
20
99
91
30
33
35
71
51
7
93
94
87
88
95
84
89
66
72
63
83
75
31
77
98
98
87
20
98
58
52
83
50
87
33
19
94
91
52
59
38
36
84
93
90
88
75
87
91
46
74
71
83
26
70
24
81
50
87
87
69
40
22
88
93
63
61
61
93
28
95
83
72
27
83
39
7
93
74
52
89
98
16
95
53
91
92
47
89
96
93
63
90
64
57
24
94
19
40
93
93
82
90
97
57
63
83
83
90
46
11
39
28
22
32
26
97
93
83
28
51
39
41
89
30
75
88
70
86
36
51
22
86
80
72
88
68
59
85
69
91
81
63
15
7
96
45
91
69
17
84
93
91
100
99
94
25
98
67
97
74
82
93
60
67
25
50
46
60
52
82
52
93
49
82
82
82
39
82
63
49
42
92
65
96
88
41
92
97
74
96
92
54
73
88
74
69
96
86
91
83
73
39
49
54
66
67
92
96
53
65
40
11
94
85
64
86
43
67
53
89
62
98
92
74
81
88
9
18
98
25
73
92
22
73
72
64
96
100
33
83
52
77
93
75
19
89
17
38
77
83
89
35
88
74
57
81
91
50
72
82
71
49
22
70
90
38
98
14
73
62
42
41
32
85
26
79
94
75
75
77
65
60
46
9
31
58
65
14
63
17
51
46
94
82
82
48
14
46
95
66
91
25
98
